9
M03_1A_Aca 0.000000 67.000000 65.000000 65.000000 75.000000 68.000000 62.000000 62.000000 68.000000
M03_1A_Nec 67.000000 0.000000 40.000000 40.000000 50.000000 75.000000 37.000000 55.000000 75.000000
M03_1B_Aca 65.000000 40.000000 0.000000 26.000000 18.000000 73.000000 23.000000 53.000000 73.000000
M03_1B_Nec 65.000000 40.000000 26.000000 0.000000 36.000000 73.000000 19.000000 53.000000 73.000000
M03_1C_Aca 75.000000 50.000000 18.000000 36.000000 0.000000 83.000000 33.000000 63.000000 83.000000
M03_1C_Nec 68.000000 75.000000 73.000000 73.000000 83.000000 0.000000 70.000000 70.000000 54.000000
M03_1D_Aca 62.000000 37.000000 23.000000 19.000000 33.000000 70.000000 0.000000 50.000000 70.000000
M03_1D_Nec 62.000000 55.000000 53.000000 53.000000 63.000000 70.000000 50.000000 0.000000 70.000000
diploid   68.000000 75.000000 73.000000 73.000000 83.000000 54.000000 70.000000 70.000000 0.000000
