9
M09_10A_Aca 0.000000 103.000000 73.000000 110.000000 84.000000 100.000000 38.000000 105.000000 105.000000
M09_10A_Nec 103.000000 0.000000 112.000000 33.000000 47.000000 41.000000 113.000000 46.000000 112.000000
M09_10B_Aca 73.000000 112.000000 0.000000 119.000000 93.000000 109.000000 83.000000 114.000000 114.000000
M09_10B_Nec 110.000000 33.000000 119.000000 0.000000 54.000000 48.000000 120.000000 53.000000 119.000000
M09_10C_Aca 84.000000 47.000000 93.000000 54.000000 0.000000 44.000000 94.000000 49.000000 93.000000
M09_10C_Nec 100.000000 41.000000 109.000000 48.000000 44.000000 0.000000 110.000000 21.000000 109.000000
M09_10D_Aca 38.000000 113.000000 83.000000 120.000000 94.000000 110.000000 0.000000 115.000000 115.000000
M09_10D_Nec 105.000000 46.000000 114.000000 53.000000 49.000000 21.000000 115.000000 0.000000 114.000000
diploid   105.000000 112.000000 114.000000 119.000000 93.000000 109.000000 115.000000 114.000000 0.000000
