8
M12_1A_Aca 0.000000 36.000000 33.000000 27.000000 14.000000 22.000000 33.000000 50.000000
M12_1A_Nec 36.000000 0.000000 45.000000 23.000000 32.000000 26.000000 45.000000 62.000000
M12_1B_Aca 33.000000 45.000000 0.000000 36.000000 29.000000 31.000000 30.000000 35.000000
M12_1B_Nec 27.000000 23.000000 36.000000 0.000000 23.000000 17.000000 36.000000 53.000000
M12_1C_Aca 14.000000 32.000000 29.000000 23.000000 0.000000 18.000000 29.000000 46.000000
M12_1C_Nec 22.000000 26.000000 31.000000 17.000000 18.000000 0.000000 31.000000 48.000000
M12_1D_Aca 33.000000 45.000000 30.000000 36.000000 29.000000 31.000000 0.000000 47.000000
diploid   50.000000 62.000000 35.000000 53.000000 46.000000 48.000000 47.000000 0.000000
