9
M14_1C_Aca 0.000000 81.000000 95.000000 35.000000 67.000000 12.000000 47.000000 24.000000 96.000000
M14_1C_Nec 81.000000 0.000000 66.000000 72.000000 66.000000 77.000000 74.000000 73.000000 67.000000
M14_1D_Aca 95.000000 66.000000 0.000000 86.000000 80.000000 91.000000 88.000000 87.000000 43.000000
M14_1D_Nec 35.000000 72.000000 86.000000 0.000000 58.000000 31.000000 38.000000 27.000000 87.000000
M14_1E_Aca 67.000000 66.000000 80.000000 58.000000 0.000000 63.000000 60.000000 59.000000 81.000000
M14_1E_Nec 12.000000 77.000000 91.000000 31.000000 63.000000 0.000000 43.000000 20.000000 92.000000
M14_1F_Aca 47.000000 74.000000 88.000000 38.000000 60.000000 43.000000 0.000000 39.000000 89.000000
M14_1F_Nec 24.000000 73.000000 87.000000 27.000000 59.000000 20.000000 39.000000 0.000000 88.000000
diploid   96.000000 67.000000 43.000000 87.000000 81.000000 92.000000 89.000000 88.000000 0.000000
