9
M15_1A_Aca 0.000000 83.000000 47.000000 79.000000 73.000000 77.000000 78.000000 94.000000 119.000000
M15_1A_Nec 83.000000 0.000000 80.000000 90.000000 84.000000 88.000000 89.000000 69.000000 94.000000
M15_1D_Aca 47.000000 80.000000 0.000000 76.000000 70.000000 74.000000 75.000000 91.000000 116.000000
M15_1D_Nec 79.000000 90.000000 76.000000 0.000000 64.000000 34.000000 69.000000 101.000000 126.000000
M15_1F_Aca 73.000000 84.000000 70.000000 64.000000 0.000000 62.000000 45.000000 95.000000 120.000000
M15_1F_Nec 77.000000 88.000000 74.000000 34.000000 62.000000 0.000000 67.000000 99.000000 124.000000
M15_1G_Aca 78.000000 89.000000 75.000000 69.000000 45.000000 67.000000 0.000000 100.000000 125.000000
M15_1G_Nec 94.000000 69.000000 91.000000 101.000000 95.000000 99.000000 100.000000 0.000000 69.000000
diploid   119.000000 94.000000 116.000000 126.000000 120.000000 124.000000 125.000000 69.000000 0.000000
