9
M33_9A_Aca 0.000000 142.000000 72.000000 143.000000 123.000000 170.000000 127.000000 167.000000 126.000000
M33_9A_Nec 142.000000 0.000000 132.000000 65.000000 89.000000 92.000000 93.000000 89.000000 120.000000
M33_9D_Aca 72.000000 132.000000 0.000000 133.000000 113.000000 160.000000 117.000000 157.000000 116.000000
M33_9D_Nec 143.000000 65.000000 133.000000 0.000000 90.000000 63.000000 94.000000 60.000000 121.000000
M33_9E_Aca 123.000000 89.000000 113.000000 90.000000 0.000000 117.000000 46.000000 114.000000 101.000000
M33_9E_Nec 170.000000 92.000000 160.000000 63.000000 117.000000 0.000000 121.000000 57.000000 148.000000
M33_9G_Aca 127.000000 93.000000 117.000000 94.000000 46.000000 121.000000 0.000000 118.000000 105.000000
M33_9G_Nec 167.000000 89.000000 157.000000 60.000000 114.000000 57.000000 118.000000 0.000000 145.000000
diploid   126.000000 120.000000 116.000000 121.000000 101.000000 148.000000 105.000000 145.000000 0.000000
